839301
529390
315010
344207
260547
327069
102094
58083
75706
73184
103101
22437
83360
18911
215266
197199
471210
611444
1421641
1036069
313702
347466
214313
263275
131824
91932
97846
91258
139543
61007
169055
149060
324982
476205
949189
1061040
1099759
753073
303951
374190
246840
292220
136204
111192
72043
60670
101710
66342
175202
143153
349552
427846
827088
846123
1565991
1100916
273798
292061
219244
250358
159076
138499
96793
75925
124122
61831
186681
162041
283126
411656
851636
925356
928853
697901
305872
388420
232342
238375
138301
136841
74696
56224
98504
58767
187960
127443
359637
435747
813117
911473
SOP of INN on test :31743667

ANN ReLU FLOPs sum: 27787264.0
ANN energy: 27787264.0 * 5.1 = 141715046.39999998

SOP of INN on test :31743667

ANN energy / INN energy = 4.4643565092841975